  -800.000000000000        1.00000000000000       2.607435733079910E-002
  -791.959798994975        1.00000114297438       2.607438713312149E-002
  -783.919597989950        1.00000450046162       2.607447467744350E-002
  -775.879396984925        1.00000564343600       2.607450447976589E-002
  -767.839195979900        1.00000442902572       2.607447281479836E-002
  -759.798994974874        1.00000571487190       2.607450634241104E-002
  -751.758793969849        1.00000685784628       2.607453614473343E-002
  -743.718592964824        1.00000807225655       2.607456780970097E-002
  -735.678391959799        1.00000942953863       2.607460319995880E-002
  -727.638190954774        1.00001071538481       2.607463672757149E-002
  -719.597989949749        1.00001214410278       2.607467398047447E-002
  -711.557788944724        1.00001378712845       2.607471682131290E-002
  -703.517587939699        1.00001528728232       2.607475593686104E-002
  -695.477386934673        1.00001685887210       2.607479691505432E-002
  -687.437185929648        1.00001850189777       2.607483975589275E-002
  -679.396984924623        1.00001993061574       2.607487700879574E-002
  -671.356783919598        1.00002157364141       2.607491984963417E-002
  -663.316582914573        1.00002343097478       2.607496827840805E-002
  -655.276381909548        1.00002535974404       2.607501856982708E-002
  -647.236180904523        1.00002743138510       2.607507258653641E-002
  -639.195979899498        1.00002943159027       2.607512474060059E-002
  -631.155778894472        1.00003157466723       2.607518061995506E-002
  -623.115577889447        1.00003378918009       2.607523836195469E-002
  -615.075376884422        1.00003628943655       2.607530355453491E-002
  -607.035175879397        1.00003857538530       2.607536315917969E-002
  -598.994974874372        1.00004100420586       2.607542648911476E-002
  -590.954773869347        1.00004371877001       2.607549726963043E-002
  -582.914572864322        1.00004650477006       2.607556991279125E-002
  -574.874371859297        1.00004921933421       2.607564069330692E-002
  -566.834170854271        1.00005243394965       2.607572451233864E-002
  -558.793969849246        1.00005557712920       2.607580646872520E-002
  -550.753768844221        1.00005886318054       2.607589215040207E-002
  -542.713567839196        1.00006243497547       2.607598528265953E-002
  -534.673366834171        1.00006600677041       2.607607841491699E-002
  -526.633165829146        1.00006986430894       2.607617899775505E-002
  -518.592964824121        1.00007415046286       2.607629075646400E-002
  -510.552763819096        1.00007843661678       2.607640251517296E-002
  -502.512562814070        1.00008286564250       2.607651799917221E-002
  -494.472361809045        1.00008772328362       2.607664465904236E-002
  -486.432160804020        1.00009300954012       2.607678249478340E-002
  -478.391959798995        1.00009829579663       2.607692033052444E-002
  -470.351758793970        1.00010401066852       2.607706934213638E-002
  -462.311557788945        1.00011008271991       2.607722766697407E-002
  -454.271356783920        1.00011658338670       2.607739716768265E-002
  -446.231155778895        1.00012344123297       2.607757598161697E-002
  -438.190954773869        1.00013072769464       2.607776597142220E-002
  -430.150753768844        1.00013851420760       2.607796899974346E-002
  -422.110552763819        1.00014687220775       2.607818692922592E-002
  -414.070351758794        1.00015573025919       2.607841789722443E-002
  -406.030150753769        1.00016515979782       2.607866376638412E-002
  -397.989949748744        1.00017530369544       2.607892826199532E-002
  -389.949748743719        1.00018630482384       2.607921510934830E-002
  -381.909547738694        1.00019823461892       2.607952617108822E-002
  -373.869346733668        1.00021073590120       2.607985213398933E-002
  -365.829145728643        1.00022459446555       2.608021348714828E-002
  -357.788944723618        1.00023981031197       2.608061023056507E-002
  -349.748743718593        1.00026581297910       2.608128823339939E-002
  -341.708542713568        1.00029945928740       2.608216553926468E-002
  -333.668341708543        1.00033996344196       2.608322165906429E-002
  -325.628140703518        1.00039496908397       2.608465589582920E-002
  -317.587939698493        1.00046754795706       2.608654834330082E-002
  -309.547738693467        1.00056105754847       2.608898654580116E-002
  -301.507537688442        1.00068457021735       2.609220705926418E-002
  -293.467336683417        1.00084101483552       2.609628625214100E-002
  -285.427135678392        1.00102967704402       2.610120549798012E-002
  -277.386934673367        1.00125970063787       2.610720321536064E-002
  -269.346733668342        1.00153501459150       2.611438184976578E-002
  -261.306532663317        1.00185090413560       2.612261846661568E-002
  -253.266331658292        1.00219451080839       2.613157778978348E-002
  -245.226130653266        1.00257412117414       2.614147588610649E-002
  -237.185929648241        1.00299916477147       2.615255862474442E-002
  -229.145728643216        1.00342192242004       2.616358175873756E-002
  -221.105527638191        1.00379146032407       2.617321722209454E-002
  -213.065326633166        1.00410899289384       2.618149667978287E-002
  -205.025125628141        1.00443809807920       2.619007788598537E-002
  -196.984924623116        1.00482978111183       2.620029076933861E-002
  -188.944723618091        1.00514395619436       2.620848268270493E-002
  -180.904522613065        1.00511123855275       2.620762959122658E-002
  -172.864321608040        1.00455739603005       2.619318850338459E-002
  -164.824120603015        1.00355443601215       2.616703696548939E-002
  -156.783919597990        1.00480520716268       2.619965001940727E-002
  -148.743718592965        1.02621576041657       2.675791643559933E-002
  -140.703517587940        1.06056456933725       2.765353955328465E-002
  -132.663316582915        1.09562352252702       2.856767922639847E-002
  -124.623115577890        1.13009941591152       2.946661598980427E-002
  -116.582914572864        1.16308479926941       3.032668866217136E-002
  -108.542713567839        1.18296398116264       3.084502555429935E-002
  -100.502512562814        1.17544621005412       3.064900450408459E-002
  -92.4623115577890        1.17051170391477       3.052034042775631E-002
  -84.4221105527639        1.17104461571916       3.053423576056957E-002
  -76.3819095477388        1.18420167954370       3.087729774415493E-002
  -68.3417085427136        1.22992072615448       3.206939250230789E-002
  -60.3015075376885        1.28499123195779       3.350532054901123E-002
  -52.2613065326634        1.35985076755016       3.545723482966423E-002
  -44.2211055276382        1.47126490974360       3.836228698492050E-002
  -36.1809045226131        1.59735527158357       4.165001213550568E-002
  -28.1407035175880        1.75238060132454       4.569219797849655E-002
  -20.1005025125629        1.84853860724571       4.819945618510246E-002
  -12.0603015075378        1.86478727389467       4.862312972545624E-002
  -4.02010050251261        1.84047763756340       4.798927158117294E-002
   4.02010050251249        1.79951157847333       4.692110791802406E-002
   12.0603015075376        1.74770812206166       4.557036608457565E-002
   20.1005025125628        1.44990629038807       3.780537471175194E-002
   28.1407035175879        1.33953782687996       3.492758795619011E-002
   36.1809045226130        1.22330776213903       3.189696371555328E-002
   44.2211055276381        1.14497544176674       2.985449880361557E-002
   52.2613065326632        1.09582561468448       2.857294864952564E-002
   60.3015075376884        1.05498121092992       2.750795707106590E-002
   68.3417085427135        1.02194953710966       2.664667740464211E-002
   76.3819095477386       0.995268300377096       2.595098130404949E-002
   84.4221105527638       0.974409660876644       2.540710568428040E-002
   92.4623115577889       0.962477294099595       2.509597688913345E-002
   100.502512562814       0.955752890082154       2.492064237594604E-002
   108.542713567839       0.947305737931405       2.470038831233978E-002
   116.582914572864       0.939674098000338       2.450139820575714E-002
   124.623115577889       0.927134526084247       2.417443692684174E-002
   132.663316582914       0.909046813658887       2.370281144976616E-002
   140.703517587940       0.890375327069262       2.321596443653107E-002
   148.743718592965       0.872806310704441       2.275786362588406E-002
   156.783919597990       0.863537502846721       2.251618541777134E-002
   164.824120603015       0.861423643167971       2.246106788516045E-002
   172.864321608040       0.862092426051701       2.247850596904755E-002
   180.904522613065       0.867854874257102       2.262875810265541E-002
   188.944723618090       0.876236019637443       2.284729108214378E-002
   196.984924623115       0.887811349792736       2.314911037683487E-002
   205.025125628141       0.900748033869760       2.348642610013485E-002
   213.065326633166       0.914700322118755       2.385022304952145E-002
   221.105527638191       0.930044538854128       2.425031363964081E-002
   229.145728643216       0.944948781889342       2.463893219828606E-002
   237.185929648241       0.959503989123456       2.501844987273216E-002
   245.226130653266       0.976237848396450       2.545477449893951E-002
   253.266331658291       0.990589034703845       2.582897245883942E-002
   261.306532663316       0.998148381505417       2.602607756853104E-002
   269.346733668342       0.999521950965828       2.606189250946045E-002
   277.386934673367       0.999673252199297       2.606583759188652E-002
   285.427135678392       0.999748974251930       2.606781199574471E-002
   293.467336683417       0.999804694252925       2.606926485896111E-002
   301.507537688442       0.999847055740860       2.607036940753460E-002
   309.547738693467       0.999879559074774       2.607121691107750E-002
   317.587939698492       0.999905633177803       2.607189677655697E-002
   325.628140703518       0.999926778203821       2.607244811952114E-002
   333.668341708543       0.999943279896424       2.607287839055061E-002
   341.708542713568       0.999956424101786       2.607322111725807E-002
   349.748743718593       0.999967282358390       2.607350423932076E-002
   357.788944723618       0.999975711794438       2.607372403144836E-002
   365.829145728643       0.999982712512512       2.607390657067299E-002
   373.869346733668       0.999988070204915       2.607404626905918E-002
   381.909547738693       0.999992499230635       2.607416175305843E-002
   389.949748743718       0.999996071025571       2.607425488531590E-002
   397.989949748744       0.999998714153823       2.607432380318642E-002
   406.030150753769        1.00000078579489       2.607437781989574E-002
   414.070351758794        1.00000242882056       2.607442066073418E-002
   422.110552763819        1.00000357179494       2.607445046305656E-002
   430.150753768844        1.00000450046162       2.607447467744350E-002
   438.190954773869        1.00000528625650       2.607449516654015E-002
   446.231155778894        1.00000557200010       2.607450261712074E-002
   454.271356783920        1.00000564343600       2.607450447976589E-002
   462.311557788945        1.00000571487190       2.607450634241104E-002
   470.351758793970        1.00000557200010       2.607450261712074E-002
   478.391959798995        1.00000535769240       2.607449702918530E-002
   486.432160804020        1.00000507194881       2.607448957860470E-002
   494.472361809045        1.00000464333342       2.607447840273380E-002
   502.512562814070        1.00000442902572       2.607447281479836E-002
   510.552763819095        1.00000385753853       2.607445791363716E-002
   518.592964824120        1.00000328605134       2.607444301247597E-002
   526.633165829146        1.00000271456415       2.607442811131477E-002
   534.673366834171        1.00000214307696       2.607441321015358E-002
   542.713567839196        1.00000142871797       2.607439458370209E-002
   550.753768844221        1.00000078579489       2.607437781989574E-002
   558.793969849246        1.00000014287180       2.607436105608940E-002
   566.834170854271       0.999999428512810       2.607434242963791E-002
   574.874371859296       0.999998714153823       2.607432380318642E-002
   582.914572864322       0.999998142666634       2.607430890202522E-002
   590.954773869347       0.999997356871748       2.607428841292858E-002
   598.994974874372       0.999996713948659       2.607427164912224E-002
   607.035175879397       0.999996071025571       2.607425488531590E-002
   615.075376884422       0.999995428102483       2.607423812150955E-002
   623.115577889447       0.999994713743495       2.607421949505806E-002
   631.155778894472       0.999993927948610       2.607419900596142E-002
   639.195979899497       0.999993285025521       2.607418224215508E-002
   647.236180904522       0.999992713538332       2.607416734099388E-002
   655.276381909548       0.999992142051142       2.607415243983269E-002
   663.316582914573       0.999991570563952       2.607413753867149E-002
   671.356783919598       0.999990856204965       2.607411891222000E-002
   679.396984924623       0.999990284717775       2.607410401105881E-002
   687.437185929648       0.999989784666484       2.607409097254276E-002
   695.477386934673       0.999989141743396       2.607407420873642E-002
   703.517587939698       0.999988713128004       2.607406303286552E-002
   711.557788944724       0.999987998769017       2.607404440641403E-002
   719.597989949749       0.999987284410029       2.607402577996254E-002
   727.638190954774       0.999986712922840       2.607401087880135E-002
   735.678391959799       0.999986141435650       2.607399597764015E-002
   743.718592964824       0.999985641384359       2.607398293912411E-002
   751.758793969849       0.999985355640764       2.607397548854351E-002
   759.798994974874       0.999984784153575       2.607396058738232E-002
   767.839195979899       0.999984284102284       2.607394754886627E-002
   775.879396984924       0.999983855486891       2.607393637299538E-002
   783.919597989950       0.999983426871499       2.607392519712448E-002
   791.959798994975       0.999982926820208       2.607391215860844E-002
   800.000000000000       0.999982426768917       2.607389912009239E-002
