  -800.000000000000        1.00000000000000       1.470909267663956E-002
  -791.959798994975        1.00139814640813       1.472965814173222E-002
  -783.919597989950        1.00284099399206       1.475088112056255E-002
  -775.879396984925        1.00433006233851       1.477278396487236E-002
  -767.839195979900        1.00586782077589       1.479540299624205E-002
  -759.798994974874        1.00745623210370       1.481876708567142E-002
  -751.758793969849        1.00909751238590       1.484290882945061E-002
  -743.718592964824        1.01079400431867       1.486786268651485E-002
  -735.678391959799        1.01254824054652       1.489366590976715E-002
  -727.638190954774        1.01436288034622       1.492035761475563E-002
  -719.597989949749        1.01624083625896       1.494798064231873E-002
  -711.557788944724        1.01818508414205       1.497657876461744E-002
  -703.517587939699        1.02019859985280       1.500619575381279E-002
  -695.477386934673        1.02228486577744       1.503688283264637E-002
  -687.437185929648        1.02444723766995       1.506868936121464E-002
  -679.396984924623        1.02668983107768       1.510167587548494E-002
  -671.356783919598        1.02901631833518       1.513589639216661E-002
  -663.316582914573        1.03143119488649       1.517141703516245E-002
  -655.276381909548        1.03393870291117       1.520830020308495E-002
  -647.236180904523        1.03654390769828       1.524662040174007E-002
  -639.195979899498        1.03925200116907       1.528645399957895E-002
  -631.155778894472        1.04206804861259       1.532787550240755E-002
  -623.115577889447        1.04499838164015       1.537097804248333E-002
  -615.075376884422        1.04804920523082       1.541585288941860E-002
  -607.035175879397        1.05122691431202       1.546259410679340E-002
  -598.994974874372        1.05453879023676       1.551130879670382E-002
  -590.954773869347        1.05799268420303       1.556211244314909E-002
  -582.914572864322        1.06159651072499       1.561512146145105E-002
  -574.874371859297        1.06535945063901       1.567047089338303E-002
  -566.834170854271        1.06929074809760       1.572829671204090E-002
  -558.793969849246        1.07340072362719       1.578875072300434E-002
  -550.753768844221        1.07770039423145       1.585199497640133E-002
  -542.713567839196        1.08220166333962       1.591820456087589E-002
  -534.673366834171        1.08691719417431       1.598756574094296E-002
  -526.633165829146        1.09186104291262       1.606028527021408E-002
  -518.592964824121        1.09704789889278       1.613657921552658E-002
  -510.552763819096        1.10249435093639       1.621669158339500E-002
  -502.512562814070        1.10821812755512       1.630088314414024E-002
  -494.472361809045        1.11423771705397       1.638942584395409E-002
  -486.432160804020        1.12057464691136       1.648263633251190E-002
  -478.391959798995        1.12725095113465       1.658083871006966E-002
  -470.351758793970        1.13429182953681       1.668440364301205E-002
  -462.311557788945        1.14172425478201       1.679372787475586E-002
  -454.271356783920        1.14957760554669       1.690924353897572E-002
  -446.231155778895        1.15788455294519       1.703143119812012E-002
  -438.190954773869        1.16668068063302       1.716081425547600E-002
  -430.150753768844        1.17600499133582       1.729796640574932E-002
  -422.110552763819        1.18590104653937       1.744352839887142E-002
  -414.070351758794        1.19641595343176       1.759819313883781E-002
  -406.030150753769        1.20760302418017       1.776274479925632E-002
  -397.989949748744        1.21952025634415       1.793803647160530E-002
  -389.949748743719        1.23223248562344       1.812502183020115E-002
  -381.909547738694        1.24581353860586       1.832478679716587E-002
  -373.869346733668        1.26036877330350       1.853888109326363E-002
  -365.829145728643        1.27609105059667       1.877014152705669E-002
  -357.788944723618        1.29316601332880       1.902129873633385E-002
  -349.748743718593        1.31066823319172       1.927874051034451E-002
  -341.708542713568        1.32241755102392       1.945156231522560E-002
  -333.668341708543        1.31814092748482       1.938865706324577E-002
  -325.628140703518        1.30033428375040       1.912673749029636E-002
  -317.587939698493        1.28513866988549       1.890322379767895E-002
  -309.547738693467        1.27817693662462       1.880082301795483E-002
  -301.507537688442        1.27544471971476       1.876063458621502E-002
  -293.467336683417        1.27530061224149       1.875851489603519E-002
  -285.427135678392        1.27072349042990       1.869118958711624E-002
  -277.386934673367        1.26716765752163       1.863888651132584E-002
  -269.346733668342        1.26732227546967       1.864116080105305E-002
  -261.306532663317        1.25824173180206       1.850759424269199E-002
  -253.266331658292        1.25412808393792       1.844708621501923E-002
  -245.226130653266        1.26844360383159       1.865765452384949E-002
  -237.185929648241        1.28486159857483       1.889914833009243E-002
  -229.145728643216        1.28914594667973       1.896216720342636E-002
  -221.105527638191        1.29915432466781       1.910938136279583E-002
  -213.065326633166        1.33160991094715       1.958677358925343E-002
  -205.025125628141        1.37486152766078       2.022296562790871E-002
  -196.984924623116        1.41986978661457       2.088499628007412E-002
  -188.944723618091        1.44600148615581       2.126936987042427E-002
  -180.904522613065        1.46667837592650       2.157350815832615E-002
  -172.864321608040        1.51611711657408       2.230070717632771E-002
  -164.824120603015        1.60348499484100       2.358580939471722E-002
  -156.783919597990        1.69771874577365       2.497190237045288E-002
  -148.743718592965        1.79866337152730       2.645670622587204E-002
  -140.703517587940        1.91448259845276       2.816030196845531E-002
  -132.663316582915        2.05870239451409       3.028164431452751E-002
  -124.623115577890        2.23008568949474       3.280253708362579E-002
  -116.582914572864        2.42140900132255       3.561672940850258E-002
  -108.542713567839        2.63386419250935       3.874175250530243E-002
  -100.502512562814        2.86818547670195       4.218840599060059E-002
  -92.4623115577890        3.12460585719633       4.596011713147163E-002
  -84.4221105527639        3.40111998606032       5.002738907933235E-002
  -76.3819095477388        3.69958809069501       5.441758409142494E-002
  -68.3417085427136        4.01488105941533       5.905525758862495E-002
  -60.3015075376885        4.34400049437221       6.389630585908890E-002
  -52.2613065326634        4.68156503248623       6.886157393455505E-002
  -44.2211055276382        5.02682627730128       7.394005358219147E-002
  -36.1809045226131        5.44970547876859       8.016022294759750E-002
  -28.1407035175880        6.01651892062743       8.849753439426422E-002
  -20.1005025125629        6.30242713455079       9.270298480987549E-002
  -12.0603015075378        6.48367482667847       9.536897391080856E-002
  -4.02010050251261        6.63610355679531       9.761106222867966E-002
   4.02010050251249        6.77531796085646       9.965877979993820E-002
   12.0603015075376        6.87198191083977       0.101080618798733     
   20.1005025125628        6.86594611241599       0.100991837680340     
   28.1407035175879        6.46669851045045       9.511926770210266E-002
   36.1809045226130        6.18336498294770       9.095168858766556E-002
   44.2211055276381        5.88960759712312       8.663078397512436E-002
   52.2613065326632        5.58173071809083       8.210219442844391E-002
   60.3015075376884        5.26729428974770       7.747711986303329E-002
   68.3417085427135        4.95815210151244       7.292991876602173E-002
   76.3819095477386        4.63026783728873       6.810703873634338E-002
   84.4221105527638        4.32236512528233       6.357806921005249E-002
   92.4623115577889        4.02863534528303       5.925757065415382E-002
   100.502512562814        3.74368345793100       5.506618693470955E-002
   108.542713567839        3.48428088851248       5.125061050057411E-002
   116.582914572864        3.24585469407934       4.774357751011848E-002
   124.623115577889        3.02598543932012       4.450950026512146E-002
   132.663316582914        2.82356078676096       4.153201729059219E-002
   140.703517587940        2.63680839176566       3.878505900502205E-002
   148.743718592965        2.46711487720980       3.628902137279510E-002
   156.783919597990        2.30812558472430       3.395043313503265E-002
   164.824120603015        2.16033767242877       3.177660703659058E-002
   172.864321608040        2.03545841625634       2.993974648416042E-002
   180.904522613065        1.92890904817647       2.837250195443630E-002
   188.944723618090        1.83835624279146       2.704055234789848E-002
   196.984924623115        1.75713281339830       2.584582939743996E-002
   205.025125628141        1.68543719269525       2.479125186800957E-002
   213.065326633166        1.62248236139723       2.386524342000484E-002
   221.105527638191        1.56747547513678       2.305614203214645E-002
   229.145728643216        1.52044122719797       2.236431092023849E-002
   237.185929648241        1.48123639653311       2.178764343261719E-002
   245.226130653266        1.44810915292665       2.130037173628807E-002
   253.266331658291        1.42098225072066       2.090135961771011E-002
   261.306532663316        1.39813817703287       2.056534402072430E-002
   269.346733668342        1.37761324593346       2.026344090700150E-002
   277.386934673367        1.35840946884873       1.998097077012062E-002
   285.427135678392        1.33985354223261       1.970802992582321E-002
   293.467336683417        1.32209539864078       1.944682374596596E-002
   301.507537688442        1.30519746776070       1.919827051460743E-002
   309.547738693467        1.28910795701191       1.896160840988159E-002
   317.587939698492        1.27388853628849       1.873774453997612E-002
   325.628140703518        1.25950995354623       1.852624863386154E-002
   333.668341708543        1.24591598407676       1.832629367709160E-002
   341.708542713568        1.23306737188998       1.813730224967003E-002
   349.748743718593        1.22092131529348       1.795864477753639E-002
   357.788944723618        1.20943298647922       1.778966188430786E-002
   365.829145728643        1.19856629526279       1.762982271611691E-002
   373.869346733668        1.18828641778200       1.747861504554749E-002
   381.909547738693        1.17855853017469       1.733552664518356E-002
   389.949748743718        1.16934894826871       1.720006205141544E-002
   397.989949748744        1.16062626727200       1.707175932824612E-002
   406.030150753769        1.15235946228918       1.695016212761402E-002
   414.070351758794        1.14452042096604       1.683485694229603E-002
   422.110552763819        1.13708217063844       1.672544702887535E-002
   430.150753768844        1.13001951149339       1.662156172096729E-002
   438.190954773869        1.12330888993684       1.652285456657410E-002
   446.231155778894        1.11692839859367       1.642900332808495E-002
   454.271356783920        1.11085815620440       1.633971557021141E-002
   462.311557788945        1.10507866140620       1.625470444560051E-002
   470.351758793970        1.09957243895187       1.617371290922165E-002
   478.391959798995        1.09432302665203       1.609649881720543E-002
   486.432160804020        1.08931522863955       1.602283865213394E-002
   494.472361809045        1.08453473547288       1.595252193510532E-002
   502.512562814070        1.07996850403273       1.588535681366920E-002
   510.552763819095        1.07560387109650       1.582115702331066E-002
   518.592964824120        1.07142956639606       1.575975678861141E-002
   526.633165829146        1.06743457292775       1.570099405944347E-002
   534.673366834171        1.06360951990684       1.564473100006580E-002
   542.713567839196        1.05994440338746       1.559082046151161E-002
   550.753768844221        1.05643118222327       1.553914416581392E-002
   558.793969849246        1.05306118210677       1.548957452178001E-002
   566.834170854271        1.04982693173662       1.544200163334608E-002
   574.874371859296        1.04672152965651       1.539632398635149E-002
   582.914572864322        1.04373794777788       1.535243820399046E-002
   590.954773869347        1.04087023438612       1.531025674194098E-002
   598.994974874372        1.03811237445048       1.526969112455845E-002
   607.035175879397        1.03545892278524       1.523066125810146E-002
   615.075376884422        1.03290468746913       1.519309077411890E-002
   623.115577889447        1.03044491979368       1.515690982341766E-002
   631.155778894472        1.02807487105040       1.512204855680466E-002
   639.195979899497        1.02579036237584       1.508844550698996E-002
   647.236180904522        1.02358734153876       1.505604106932878E-002
   655.276381909548        1.02146200957238       1.502477936446667E-002
   663.316582914573        1.01941082077437       1.499460823833942E-002
   671.356783919598        1.01743029275851       1.496547646820545E-002
   679.396984924623        1.01551706977081       1.493733469396830E-002
   687.437185929648        1.01366861916675       1.491014566272497E-002
   695.477386934673        1.01188164850845       1.488386094570160E-002
   703.517587939698        1.01015362515139       1.485844328999519E-002
   711.557788944724        1.00848188981882       1.483385358005762E-002
   719.597989949749        1.00686422644679       1.481005921959877E-002
   727.638190954774        1.00529829233910       1.478702574968338E-002
   735.678391959799        1.00378168148348       1.476471778005362E-002
   743.718592964824        1.00231262102875       1.474310923367739E-002
   751.758793969849        1.00088902154318       1.472216937690973E-002
   759.798994974874       0.999509173491722       1.470187306404114E-002
   767.839195979899       0.998170987442642       1.468218956142664E-002
   775.879396984924       0.996873133757568       1.466309931129217E-002
   783.919597989950       0.995613712953109       1.464457437396049E-002
   791.959798994975       0.994391585339230       1.462659798562527E-002
   800.000000000000       0.993205104696992       1.460914593189955E-002
