  -800.000000000000        1.00000000000000       1.714638993144035E-002
  -791.959798994975        1.00000010863191       1.714639179408550E-002
  -783.919597989950       0.999999782736173       1.714638620615005E-002
  -775.879396984925       0.999999782736173       1.714638620615005E-002
  -767.839195979900        1.00000032589574       1.714639551937580E-002
  -759.798994974874        1.00000032589574       1.714639551937580E-002
  -751.758793969849        1.00000032589574       1.714639551937580E-002
  -743.718592964824        1.00000043452765       1.714639738202095E-002
  -735.678391959799        1.00000043452765       1.714639738202095E-002
  -727.638190954774        1.00000043452765       1.714639738202095E-002
  -719.597989949749        1.00000054315957       1.714639924466610E-002
  -711.557788944724        1.00000054315957       1.714639924466610E-002
  -703.517587939699        1.00000054315957       1.714639924466610E-002
  -695.477386934673        1.00000043452765       1.714639738202095E-002
  -687.437185929648        1.00000054315957       1.714639924466610E-002
  -679.396984924623        1.00000054315957       1.714639924466610E-002
  -671.356783919598        1.00000065179148       1.714640110731125E-002
  -663.316582914573        1.00000065179148       1.714640110731125E-002
  -655.276381909548        1.00000065179148       1.714640110731125E-002
  -647.236180904523        1.00000076042340       1.714640296995640E-002
  -639.195979899498        1.00000076042340       1.714640296995640E-002
  -631.155778894472        1.00000076042340       1.714640296995640E-002
  -623.115577889447        1.00000086905531       1.714640483260155E-002
  -615.075376884422        1.00000097768722       1.714640669524670E-002
  -607.035175879397        1.00000097768722       1.714640669524670E-002
  -598.994974874372        1.00000097768722       1.714640669524670E-002
  -590.954773869347        1.00000108631914       1.714640855789185E-002
  -582.914572864322        1.00000108631914       1.714640855789185E-002
  -574.874371859297        1.00000119495105       1.714641042053699E-002
  -566.834170854271        1.00000130358296       1.714641228318214E-002
  -558.793969849246        1.00000141221488       1.714641414582729E-002
  -550.753768844221        1.00000141221488       1.714641414582729E-002
  -542.713567839196        1.00000152084679       1.714641600847244E-002
  -534.673366834171        1.00000173811062       1.714641973376274E-002
  -526.633165829146        1.00000173811062       1.714641973376274E-002
  -518.592964824121        1.00000195537444       1.714642345905304E-002
  -510.552763819096        1.00000206400636       1.714642532169819E-002
  -502.512562814070        1.00000217263827       1.714642718434334E-002
  -494.472361809045        1.00000228127019       1.714642904698849E-002
  -486.432160804020        1.00000238990210       1.714643090963364E-002
  -478.391959798995        1.00000282442975       1.714643836021423E-002
  -470.351758793970        1.00000304169358       1.714644208550453E-002
  -462.311557788945        1.00000325895741       1.714644581079483E-002
  -454.271356783920        1.00000347622123       1.714644953608513E-002
  -446.231155778895        1.00000369348506       1.714645326137543E-002
  -438.190954773869        1.00000391074889       1.714645698666573E-002
  -430.150753768844        1.00000412801272       1.714646071195602E-002
  -422.110552763819        1.00000434527654       1.714646443724632E-002
  -414.070351758794        1.00000456254037       1.714646816253662E-002
  -406.030150753769        1.00000499706802       1.714647561311722E-002
  -397.989949748744        1.00000521433185       1.714647933840752E-002
  -389.949748743719        1.00000543159568       1.714648306369781E-002
  -381.909547738694        1.00000586612333       1.714649051427841E-002
  -373.869346733668        1.00000619201907       1.714649610221386E-002
  -365.829145728643        1.00000662654673       1.714650355279446E-002
  -357.788944723618        1.00000695244247       1.714650914072990E-002
  -349.748743718593        1.00000738697012       1.714651659131050E-002
  -341.708542713568        1.00000782149778       1.714652404189110E-002
  -333.668341708543        1.00000847328926       1.714653521776199E-002
  -325.628140703518        1.00000934234457       1.714655011892319E-002
  -317.587939698493        1.00000999413605       1.714656129479408E-002
  -309.547738693467        1.00001064592753       1.714657247066498E-002
  -301.507537688442        1.00001162361475       1.714658923447132E-002
  -293.467336683417        1.00001260130198       1.714660599827766E-002
  -285.427135678392        1.00001553436364       1.714665628969669E-002
  -277.386934673367        1.00002281270185       1.714678108692169E-002
  -269.346733668342        1.00003161188685       1.714693196117878E-002
  -261.306532663317        1.00004595129944       1.714717783033848E-002
  -253.266331658292        1.00006235471839       1.714745908975601E-002
  -245.226130653266        1.00008549331599       1.714785583317280E-002
  -237.185929648241        1.00011982100068       1.714844442903996E-002
  -229.145728643216        1.00016370829376       1.714919693768024E-002
  -221.105527638191        1.00021867604204       1.715013943612576E-002
  -213.065326633166        1.00028657098802       1.715130358934402E-002
  -205.025125628141        1.00037467146994       1.715281419456005E-002
  -196.984924623116        1.00067362649611       1.715794019401073E-002
  -188.944723618091        1.00345742791349       1.720567233860493E-002
  -180.904522613065        1.01258424676478       1.736216433346272E-002
  -172.864321608040        1.02565679398110       1.758631132543087E-002
  -164.824120603015        1.04040824742178       1.783924549818039E-002
  -156.783919597990        1.05474657369513       1.808509603142738E-002
  -148.743718592965        1.06614151827004       1.828047819435596E-002
  -140.703517587940        1.07473886517454       1.842789165675640E-002
  -132.663316582915        1.08246302875769       1.856033317744732E-002
  -124.623115577890        1.09086777127942       1.870444416999817E-002
  -116.582914572864        1.09989790772762       1.885927841067314E-002
  -108.542713567839        1.10868731585533       1.900998502969742E-002
  -100.502512562814        1.11561575067151       1.912878267467022E-002
  -92.4623115577890        1.12220927329812       1.924183778464794E-002
  -84.4221105527639        1.13013494908096       1.937773451209068E-002
  -76.3819095477388        1.13690271729696       1.949377730488777E-002
  -68.3417085427136        1.14313916682364       1.960070990025997E-002
  -60.3015075376885        1.15046128369463       1.972625777125359E-002
  -52.2613065326634        1.15845507168729       1.986332237720490E-002
  -44.2211055276382        1.16939365359325       2.005087956786156E-002
  -36.1809045226131        1.18664374967818       2.034665644168854E-002
  -28.1407035175880        1.21720201559998       2.087062038481236E-002
  -20.1005025125629        1.27331572192750       2.183276787400246E-002
  -12.0603015075378        1.27911449347437       2.193219587206841E-002
  -4.02010050251261        1.17601802768332       2.016446366906166E-002
   4.02010050251249        1.09322225937434       1.874481514096260E-002
   12.0603015075376        1.03571600054664       1.775879040360451E-002
   20.1005025125628        1.01812610383603       1.745718717575073E-002
   28.1407035175879        1.00107132793172       1.716475933790207E-002
   36.1809045226130       0.983172047531242       1.685785129666328E-002
   44.2211055276381       0.968050159265249       1.659856550395489E-002
   52.2613065326632       0.953132933524439       1.634278893470764E-002
   60.3015075376884       0.935230285534640       1.603582315146923E-002
   68.3417085427135       0.890308001891933       1.526556815952063E-002
   76.3819095477386       0.848738859525683       1.455280743539333E-002
   84.4221105527638       0.831600708627699       1.425895001739264E-002
   92.4623115577889       0.825870049290644       1.416068989783525E-002
   100.502512562814       0.826233966201135       1.416692975908518E-002
   108.542713567839       0.829491674341511       1.422278769314289E-002
   116.582914572864       0.833735651625275       1.429555658251047E-002
   124.623115577889       0.838570966730607       1.437846478074789E-002
   132.663316582914       0.849846470516538       1.457179896533489E-002
   140.703517587940       0.866849591945943       1.486334111541510E-002
   148.743718592965       0.879780591778867       1.508506108075380E-002
   156.783919597990       0.889916329527523       1.525885239243507E-002
   164.824120603015       0.900376931013738       1.543821394443512E-002
   172.864321608040       0.912415736940434       1.564463600516319E-002
   180.904522613065       0.925248424891569       1.586467027664185E-002
   188.944723618090       0.936168756636052       1.605191454291344E-002
   196.984924623115       0.946526375068194       1.622951030731201E-002
   205.025125628141       0.955802019641084       1.638855412602425E-002
   213.065326633166       0.965437127216010       1.655376143753529E-002
   221.105527638191       0.976270227533888       1.673950999975204E-002
   229.145728643216       0.987733284318614       1.693606004118919E-002
   237.185929648241       0.997313858672922       1.710033230483532E-002
   245.226130653266       0.999797292849261       1.714291423559189E-002
   253.266331658291       0.999955460915432       1.714562624692917E-002
   261.306532663316       0.999967519057840       1.714583300054073E-002
   269.346733668342       0.999973711076914       1.714593917131424E-002
   277.386934673367       0.999978490881111       1.714602112770081E-002
   285.427135678392       0.999981967102346       1.714608073234558E-002
   293.467336683417       0.999984574268272       1.714612543582916E-002
   301.507537688442       0.999986746906543       1.714616268873215E-002
   309.547738693467       0.999988485017161       1.714619249105453E-002
   317.587939698492       0.999990005863951       1.714621856808662E-002
   325.628140703518       0.999991309446914       1.714624091982841E-002
   333.668341708543       0.999992178502222       1.714625582098961E-002
   341.708542713568       0.999992938925617       1.714626885950565E-002
   349.748743718593       0.999993699349012       1.714628189802170E-002
   357.788944723618       0.999994459772407       1.714629493653774E-002
   365.829145728643       0.999995111563889       1.714630611240864E-002
   373.869346733668       0.999995654723457       1.714631542563438E-002
   381.909547738693       0.999996089251111       1.714632287621498E-002
   389.949748743718       0.999996523778765       1.714633032679558E-002
   397.989949748744       0.999996849674506       1.714633591473103E-002
   406.030150753769       0.999997175570247       1.714634150266647E-002
   414.070351758794       0.999997284202160       1.714634336531162E-002
   422.110552763819       0.999997392834074       1.714634522795677E-002
   430.150753768844       0.999997610097901       1.714634895324707E-002
   438.190954773869       0.999997827361728       1.714635267853737E-002
   446.231155778894       0.999998044625556       1.714635640382767E-002
   454.271356783920       0.999998044625556       1.714635640382767E-002
   462.311557788945       0.999998261889383       1.714636012911797E-002
   470.351758793970       0.999998261889383       1.714636012911797E-002
   478.391959798995       0.999998370521296       1.714636199176311E-002
   486.432160804020       0.999998479153210       1.714636385440826E-002
   494.472361809045       0.999998479153210       1.714636385440826E-002
   502.512562814070       0.999998587785124       1.714636571705341E-002
   510.552763819095       0.999998587785124       1.714636571705341E-002
   518.592964824120       0.999998587785124       1.714636571705341E-002
   526.633165829146       0.999998696417037       1.714636757969856E-002
   534.673366834171       0.999998696417037       1.714636757969856E-002
   542.713567839196       0.999998805048951       1.714636944234371E-002
   550.753768844221       0.999998696417037       1.714636757969856E-002
   558.793969849246       0.999998805048951       1.714636944234371E-002
   566.834170854271       0.999998805048951       1.714636944234371E-002
   574.874371859296       0.999998696417037       1.714636757969856E-002
   582.914572864322       0.999998805048951       1.714636944234371E-002
   590.954773869347       0.999998805048951       1.714636944234371E-002
   598.994974874372       0.999998696417037       1.714636757969856E-002
   607.035175879397       0.999998805048951       1.714636944234371E-002
   615.075376884422       0.999998805048951       1.714636944234371E-002
   623.115577889447       0.999998805048951       1.714636944234371E-002
   631.155778894472       0.999998805048951       1.714636944234371E-002
   639.195979899497       0.999998805048951       1.714636944234371E-002
   647.236180904522       0.999998805048951       1.714636944234371E-002
   655.276381909548       0.999998805048951       1.714636944234371E-002
   663.316582914573       0.999998913680864       1.714637130498886E-002
   671.356783919598       0.999998913680864       1.714637130498886E-002
   679.396984924623       0.999998913680864       1.714637130498886E-002
   687.437185929648       0.999998913680864       1.714637130498886E-002
   695.477386934673       0.999998913680864       1.714637130498886E-002
   703.517587939698       0.999998913680864       1.714637130498886E-002
   711.557788944724       0.999999022312778       1.714637316763401E-002
   719.597989949749       0.999999022312778       1.714637316763401E-002
   727.638190954774       0.999999022312778       1.714637316763401E-002
   735.678391959799       0.999999022312778       1.714637316763401E-002
   743.718592964824       0.999999022312778       1.714637316763401E-002
   751.758793969849       0.999999130944691       1.714637503027916E-002
   759.798994974874       0.999999130944691       1.714637503027916E-002
   767.839195979899       0.999999130944691       1.714637503027916E-002
   775.879396984924       0.999999130944691       1.714637503027916E-002
   783.919597989950       0.999999130944691       1.714637503027916E-002
   791.959798994975       0.999999130944691       1.714637503027916E-002
   800.000000000000       0.999999130944691       1.714637503027916E-002
